osu file format v14

[General]
AudioFilename: audio.mp3
AudioLeadIn: 0
PreviewTime: -1
Countdown: 0
SampleSet: None
StackLeniency: 0.7
Mode: 0
LetterboxInBreaks: 0
WidescreenStoryboard: 0

[Editor]
DistanceSpacing: 0.8
BeatDivisor: 1
GridSize: 32
TimelineZoom: 1

[Metadata]
Title:'FIGHTING'
TitleUnicode:'FIGHTING'
Artist:BSS FEAT. LEE YOUNGI
ArtistUnicode:BSS FEAT. LEE YOUNGI
Creator:jeonghannn
Version:Hard
Source:
Tags:
BeatmapID:4664996
BeatmapSetID:2203879

[Difficulty]
HPDrainRate:5
CircleSize:5
OverallDifficulty:5
ApproachRate:5
SliderMultiplier:2.1
SliderTickRate:1

[Events]
//Background and Video events
Video,10,"부석순 (SEVENTEEN) '파이팅 해야지 (Feat. 이영지)' Official MV.mp4"
//Break Periods
//Storyboard Layer 0 (Background)
//Storyboard Layer 1 (Fail)
//Storyboard Layer 2 (Pass)
//Storyboard Layer 3 (Foreground)
//Storyboard Layer 4 (Overlay)
//Storyboard Sound Samples

[TimingPoints]
629,397.350993377483,4,1,0,100,1,0


[HitObjects]
257,193,1026,5,0,0:0:0:0:
210,68,1821,1,0,0:0:0:0:
98,176,2615,1,0,0:0:0:0:
328,170,3410,1,0,0:0:0:0:
103,225,4205,1,0,0:0:0:0:
166,124,4999,1,0,0:0:0:0:
316,103,5794,1,0,0:0:0:0:
391,237,6589,1,0,0:0:0:0:
119,131,9768,2,0,P|401:133|446:133,1,210
430,113,10165,6,0,L|557:323,1,210
0,60,10960,1,0,0:0:0:0:
137,197,11357,6,0,B|362:116|357:47|261:17|184:3,1,210
512,41,12152,1,0,0:0:0:0:
251,7,12549,1,0,0:0:0:0:
41,80,12946,2,0,B|-107:234|50:201|88:219|72:223,1,210
242,80,13344,2,0,B|421:1|525:113|536:131,1,210
178,337,14138,2,0,P|232:245|326:258,1,210
156,25,14536,1,0,0:0:0:0:
0,23,14933,1,0,0:0:0:0:
21,172,15330,1,0,0:0:0:0:
101,287,15728,1,0,0:0:0:0:
131,112,16125,1,0,0:0:0:0:
325,127,16523,1,0,0:0:0:0:
65,254,16920,6,0,P|267:328|289:334,1,210
264,110,17317,1,0,0:0:0:0:
376,82,17715,1,0,0:0:0:0:
469,183,18112,1,0,0:0:0:0:
77,68,18509,1,0,0:0:0:0:
371,77,18907,1,0,0:0:0:0:
256,192,19304,1,0,0:0:0:0:
305,316,19701,2,0,P|523:350|538:352,1,210
0,174,20099,1,0,0:0:0:0:
68,60,20496,2,0,P|195:223|256:313,1,210
197,53,20893,6,0,B|403:284|360:247,1,210
326,40,21291,2,0,L|461:212,1,210
512,115,21688,1,0,0:0:0:0:
70,51,22085,1,0,0:0:0:0:
191,55,22880,1,0,0:0:0:0:
92,162,23675,1,0,0:0:0:0:
167,59,24072,1,0,0:0:0:0:
226,189,24470,1,0,0:0:0:0:
254,73,24867,1,0,0:0:0:0:
437,227,25264,1,0,0:0:0:0:
31,75,25662,1,0,0:0:0:0:
178,74,26059,1,0,0:0:0:0:
99,71,26854,2,0,L|428:73,1,210
393,236,27251,2,0,B|115:230|145:234,1,210
88,240,27648,2,0,L|-16:58,1,210
183,49,28046,1,0,0:0:0:0:
279,57,28443,1,0,0:0:0:0:
360,109,28840,1,0,0:0:0:0:
458,168,29238,1,0,0:0:0:0:
357,231,29635,2,0,L|81:288,1,210
74,185,30032,1,0,0:0:0:0:
141,131,30430,1,0,0:0:0:0:
214,73,30827,1,0,0:0:0:0:
253,151,31225,2,0,L|489:335,1,210
71,61,31622,1,0,0:0:0:0:
405,42,32019,1,0,0:0:0:0:
300,201,32417,1,0,0:0:0:0:
101,242,32814,2,0,P|391:362|399:368,1,210
256,37,33211,1,0,0:0:0:0:
437,176,33609,1,0,0:0:0:0:
94,299,34006,1,0,0:0:0:0:
145,150,34403,1,0,0:0:0:0:
35,43,34801,2,0,B|66:308|65:257,1,210
177,240,35198,2,0,L|139:11,1,210
367,218,36390,1,0,0:0:0:0:
465,63,36787,1,0,0:0:0:0:
210,178,37185,1,0,0:0:0:0:
168,59,37582,2,0,L|460:60,1,210
71,70,37979,2,0,P|179:268|278:266,2,210
298,233,38774,2,0,L|555:239,1,210
74,78,39569,1,0,0:0:0:0:
316,73,39966,1,0,0:0:0:0:
91,167,40364,2,0,P|288:295|420:186,1,420
316,95,41158,1,0,0:0:0:0:
108,91,41556,1,0,0:0:0:0:
124,245,41953,1,0,0:0:0:0:
265,310,42350,1,0,0:0:0:0:
421,215,42748,1,0,0:0:0:0:
408,79,43145,1,0,0:0:0:0:
301,152,43542,2,0,L|29:154,1,210
256,192,44337,12,0,46721,0:0:0:0:
97,66,47516,5,0,0:0:0:0:
164,200,47913,1,0,0:0:0:0:
239,56,48311,1,0,0:0:0:0:
344,143,48708,1,0,0:0:0:0:
448,76,49105,1,0,0:0:0:0:
456,228,49503,1,0,0:0:0:0:
327,231,49900,2,0,L|33:230,1,210
71,46,50695,1,0,0:0:0:0:
117,258,51092,1,0,0:0:0:0:
207,72,51489,1,0,0:0:0:0:
281,280,51887,1,0,0:0:0:0:
369,78,52284,1,0,0:0:0:0:
443,282,52681,1,0,0:0:0:0:
359,281,53079,2,0,B|60:16|222:157,1,210
87,54,53874,1,0,0:0:0:0:
286,63,54271,1,0,0:0:0:0:
419,145,54668,1,0,0:0:0:0:
132,183,55066,1,0,0:0:0:0:
104,52,56655,1,0,0:0:0:0:
253,61,57052,1,0,0:0:0:0:
253,182,57450,1,0,0:0:0:0:
398,185,57847,1,0,0:0:0:0:
395,75,58244,2,0,L|161:170,1,210
139,98,59436,2,0,L|135:320,1,210
209,101,59834,2,0,B|421:102|431:112|411:104,1,210
388,300,60231,6,0,P|310:233|191:247,1,210
157,168,61026,2,0,L|11:0,1,210
133,252,61423,2,0,B|348:253|373:253|323:245,1,210
391,173,61821,2,0,P|543:22|584:-19,1,210
132,161,63013,1,0,0:0:0:0:
250,69,63410,1,0,0:0:0:0:
431,320,63807,1,0,0:0:0:0:
76,275,64205,1,0,0:0:0:0:
280,21,64602,1,0,0:0:0:0:
481,133,64999,1,0,0:0:0:0:
57,163,65397,1,0,0:0:0:0:
77,38,65794,2,0,B|71:299|70:279,1,210
159,253,66191,2,0,B|161:21|161:22,1,210
270,154,66589,1,0,0:0:0:0:
453,108,67383,2,0,P|232:107|173:132,1,210
241,192,67781,2,0,P|474:202|511:181,1,210
158,148,68178,1,0,0:0:0:0:
117,49,68973,1,0,0:0:0:0:
147,253,69370,1,0,0:0:0:0:
256,192,71357,12,0,72549,0:0:0:0:
107,64,73344,5,0,0:0:0:0:
213,62,73741,1,0,0:0:0:0:
336,100,74138,1,0,0:0:0:0:
453,146,74536,1,0,0:0:0:0:
333,178,74933,1,0,0:0:0:0:
168,162,75330,1,0,0:0:0:0:
68,153,75728,1,0,0:0:0:0:
86,266,76125,1,0,0:0:0:0:
212,291,76523,1,0,0:0:0:0:
372,288,76920,1,0,0:0:0:0:
486,278,77317,1,0,0:0:0:0:
381,173,77715,1,0,0:0:0:0:
302,165,78112,1,0,0:0:0:0:
176,165,78509,1,0,0:0:0:0:
65,166,78907,1,0,0:0:0:0:
63,52,79304,1,0,0:0:0:0:
203,48,79701,1,0,0:0:0:0:
315,55,80099,1,0,0:0:0:0:
455,53,80496,1,0,0:0:0:0:
454,187,80893,1,0,0:0:0:0:
303,188,81291,1,0,0:0:0:0:
76,68,81688,2,0,B|131:303|130:295,1,210
98,143,82880,2,0,L|386:138,2,210
93,54,85264,2,0,L|96:301,1,210
199,265,85662,1,0,0:0:0:0:
412,95,86059,1,0,0:0:0:0:
76,44,86456,1,0,0:0:0:0:
190,233,86854,1,0,0:0:0:0:
39,245,87251,1,0,0:0:0:0:
133,68,87648,1,0,0:0:0:0:
130,149,88046,2,0,L|232:343,1,210
317,75,88443,2,0,L|94:64,1,210
105,172,89238,1,0,0:0:0:0:
46,80,90032,1,0,0:0:0:0:
141,259,90430,2,0,L|171:47,1,210
303,171,90827,1,0,0:0:0:0:
421,62,91225,2,0,L|408:289,1,210
56,46,92019,2,0,L|302:48,1,210
451,131,92417,2,0,L|189:130,1,210
241,252,92814,1,0,0:0:0:0:
401,201,93211,2,0,P|248:24|115:73,1,210
109,97,93609,2,0,P|196:311|259:323,1,210
251,165,94006,1,0,0:0:0:0:
104,163,94403,1,0,0:0:0:0:
65,72,94801,1,0,0:0:0:0:
466,76,95198,1,0,0:0:0:0:
166,64,95595,1,0,0:0:0:0:
329,74,95993,1,0,0:0:0:0:
159,258,96390,2,0,B|156:40|156:39|146:44|397:61|400:49|408:45|422:172|396:300|399:324,1,630
121,67,97979,1,0,0:0:0:0:
217,196,98377,1,0,0:0:0:0:
316,83,98774,1,0,0:0:0:0:
40,59,99172,1,0,0:0:0:0:
38,237,99569,1,0,0:0:0:0:
195,105,99966,1,0,0:0:0:0:
299,245,100364,1,0,0:0:0:0:
97,21,101158,2,0,L|91:252,1,210
199,256,101556,2,0,B|196:22|196:22|194:43,1,210
442,164,102350,2,0,B|160:273|160:273|61:152,1,420
206,102,103145,1,0,0:0:0:0:
91,77,104337,5,0,0:0:0:0:
160,207,104734,1,0,0:0:0:0:
271,110,105132,1,0,0:0:0:0:
116,74,105529,2,0,L|343:82,1,210
340,197,105927,2,0,P|90:187|90:187,1,210
115,320,106324,2,0,L|368:328,1,210
256,192,107516,12,0,109900,0:0:0:0:
67,66,110297,5,0,0:0:0:0:
436,62,110695,1,0,0:0:0:0:
226,68,111092,1,0,0:0:0:0:
54,331,111489,1,0,0:0:0:0:
407,344,111887,1,0,0:0:0:0:
234,110,112284,1,0,0:0:0:0:
89,49,112681,2,0,L|231:278,1,210
255,43,113476,1,0,0:0:0:0:
410,193,113874,1,0,0:0:0:0:
257,334,114271,1,0,0:0:0:0:
121,200,114668,1,0,0:0:0:0:
247,35,115066,1,0,0:0:0:0:
48,42,115463,1,0,0:0:0:0:
248,334,115860,2,0,B|246:11|261:34,1,210
436,277,116655,1,0,0:0:0:0:
389,39,117052,1,0,0:0:0:0:
61,295,117450,1,0,0:0:0:0:
71,44,117847,1,0,0:0:0:0:
424,289,118244,2,0,L|269:125,1,210
415,292,119834,1,0,0:0:0:0:
85,299,120231,1,0,0:0:0:0:
256,163,120629,1,0,0:0:0:0:
88,38,121026,1,0,0:0:0:0:
443,47,121423,2,0,L|43:345,1,420
59,47,122615,2,0,P|61:284|61:284,1,210
253,248,123013,2,0,L|248:35,1,210
456,36,123410,2,0,B|456:279|456:279|461:287,1,210
104,96,124205,1,0,0:0:0:0:
387,297,124602,1,0,0:0:0:0:
387,77,124999,1,0,0:0:0:0:
96,282,125397,1,0,0:0:0:0:
117,78,126191,2,0,P|427:81|427:81,2,210
388,181,127383,2,0,P|128:175|84:178,2,210
136,50,128576,2,0,B|133:308|133:308|124:251,1,210
122,81,129370,1,0,0:0:0:0:
159,274,129768,1,0,0:0:0:0:
371,23,130165,1,0,0:0:0:0:
392,289,130562,1,0,0:0:0:0:
241,157,130960,1,0,0:0:0:0:
426,214,131357,2,0,L|111:216,1,210
82,46,135728,2,0,L|315:44,1,210
98,130,136125,1,0,0:0:0:0:
114,202,136523,2,0,L|314:338,1,210
264,174,136920,1,0,0:0:0:0:
370,112,137317,1,0,0:0:0:0:
246,38,137715,1,0,0:0:0:0:
96,156,138112,1,0,0:0:0:0:
88,78,138509,2,0,L|337:82,1,210
153,185,139304,1,0,0:0:0:0:
372,83,139701,1,0,0:0:0:0:
231,237,140099,1,0,0:0:0:0:
381,343,140496,1,0,0:0:0:0:
372,116,140893,1,0,0:0:0:0:
171,89,141291,2,0,L|284:328,1,210
321,76,141688,5,0,0:0:0:0:
157,78,142085,1,0,0:0:0:0:
347,104,142483,1,0,0:0:0:0:
135,180,142880,1,0,0:0:0:0:
255,73,143278,1,0,0:0:0:0:
242,276,143675,1,0,0:0:0:0:
325,158,144072,1,0,0:0:0:0:
156,88,144470,2,0,B|373:93|458:139|364:121|245:337|164:360,1,420
136,183,145264,1,0,0:0:0:0:
148,58,145662,1,0,0:0:0:0:
145,234,146059,1,0,0:0:0:0:
364,54,146456,1,0,0:0:0:0:
114,250,146854,1,0,0:0:0:0:
64,40,147251,1,0,0:0:0:0:
226,245,147648,1,0,0:0:0:0:
366,95,148046,1,0,0:0:0:0:
142,81,148443,1,0,0:0:0:0:
234,86,148840,1,0,0:0:0:0:
326,94,149238,1,0,0:0:0:0:
329,180,149635,1,0,0:0:0:0:
59,88,150032,1,0,0:0:0:0:
220,271,150430,1,0,0:0:0:0:
139,131,150827,2,0,L|398:269,1,210
456,67,151622,1,0,0:0:0:0:
56,267,152019,1,0,0:0:0:0:
82,81,152417,1,0,0:0:0:0:
220,193,152814,1,0,0:0:0:0:
261,320,153211,1,0,0:0:0:0:
473,284,153609,1,0,0:0:0:0:
275,294,154006,1,0,0:0:0:0:
179,168,154403,1,0,0:0:0:0:
312,41,154801,1,0,0:0:0:0:
108,46,155198,1,0,0:0:0:0:
71,268,155595,1,0,0:0:0:0:
108,46,155993,2,0,B|109:276|111:266,1,210
201,261,156390,2,0,L|198:32,1,210
298,48,156787,2,0,L|509:52,1,210
497,150,157185,2,0,L|279:131,1,210
281,270,157582,2,0,L|502:281,1,210
70,72,157979,1,0,0:0:0:0:
67,149,158377,1,0,0:0:0:0:
66,223,158774,1,0,0:0:0:0:
65,297,159172,1,0,0:0:0:0:
365,306,159569,2,0,L|227:143,1,210
151,240,159966,6,0,P|404:234|150:235,1,630
72,97,161556,1,0,0:0:0:0:
115,230,161953,1,0,0:0:0:0:
201,97,162350,1,0,0:0:0:0:
273,204,162748,1,0,0:0:0:0:
386,49,163145,1,0,0:0:0:0:
102,122,163542,2,0,L|393:135,2,210
345,263,164337,1,0,0:0:0:0:
216,156,164734,1,0,0:0:0:0:
99,264,165132,1,0,0:0:0:0:
56,67,165529,1,0,0:0:0:0:
245,68,165927,1,0,0:0:0:0:
411,132,166324,2,0,P|195:263|129:191,1,210
145,37,167119,1,0,0:0:0:0:
372,142,167516,1,0,0:0:0:0:
167,243,167913,1,0,0:0:0:0:
385,294,168311,1,0,0:0:0:0:
156,208,168708,1,0,0:0:0:0:
339,135,169105,1,0,0:0:0:0:
113,58,169503,1,0,0:0:0:0:
78,48,169900,2,0,L|98:316,1,210
182,264,170695,2,0,L|173:20,1,210
403,114,171489,2,0,B|145:102|145:102|203:36,3,210
94,57,173079,1,0,0:0:0:0:
395,62,173476,1,0,0:0:0:0:
225,241,173874,1,0,0:0:0:0:
232,156,174271,1,0,0:0:0:0:
232,156,175066,1,0,0:0:0:0:
256,192,175463,12,0,176655,0:0:0:0:
61,75,177052,5,0,0:0:0:0:
117,153,177450,2,0,L|287:319,1,210
343,220,178244,1,0,0:0:0:0:
261,157,178642,2,0,B|96:18|96:18|89:11,2,210
262,245,179436,1,0,0:0:0:0:
101,44,179834,1,0,0:0:0:0:
421,49,180231,1,0,0:0:0:0:
224,54,180629,1,0,0:0:0:0:
221,262,181026,1,0,0:0:0:0:
59,147,181423,2,0,L|353:159,1,210
122,78,183013,1,0,0:0:0:0:
121,298,183410,1,0,0:0:0:0:
331,304,183807,1,0,0:0:0:0:
335,100,184205,5,0,0:0:0:0:
105,280,184602,2,0,B|356:279|356:279|356:279,1,210
101,76,185794,2,0,L|116:300,1,210
209,274,186589,2,0,L|177:32,1,210
94,114,187383,2,0,B|371:122|371:122|370:122,2,210
320,253,188576,2,0,L|66:244,1,210
135,81,189370,1,0,0:0:0:0:
257,82,189768,1,0,0:0:0:0:
398,78,190165,1,0,0:0:0:0:
86,215,190562,1,0,0:0:0:0:
245,220,190960,1,0,0:0:0:0:
391,307,191357,2,0,L|385:71,1,210
151,123,192152,1,0,0:0:0:0:
242,323,192549,1,0,0:0:0:0:
333,135,192946,1,0,0:0:0:0:
102,110,193741,1,0,0:0:0:0:
301,110,194138,1,0,0:0:0:0:
98,196,194536,2,0,P|201:284|334:219,2,210
257,187,195728,1,0,0:0:0:0:
246,184,196523,1,0,0:0:0:0:
246,184,196920,5,0,0:0:0:0:
101,94,197317,2,0,L|410:98,4,210
256,192,199304,12,0,200496,0:0:0:0:
