osu file format v14

[General]
AudioFilename: audio.mp3
AudioLeadIn: 0
PreviewTime: -1
Countdown: 0
SampleSet: Normal
StackLeniency: 0.7
Mode: 1
LetterboxInBreaks: 0
WidescreenStoryboard: 0

[Editor]
DistanceSpacing: 0.8
BeatDivisor: 4
GridSize: 32
TimelineZoom: 1.2

[Metadata]
Title:Milky Ways
TitleUnicode:Milky Ways
Artist:Bossfight
ArtistUnicode:Bossfight
Creator:dhanfrhr
Version:Normal
Source:
Tags:
BeatmapID:0
BeatmapSetID:-1

[Difficulty]
HPDrainRate:5
CircleSize:5
OverallDifficulty:5
ApproachRate:5
SliderMultiplier:1.4
SliderTickRate:1

[Events]
//Background and Video events
//Break Periods
2,101233,110325
//Storyboard Layer 0 (Background)
//Storyboard Layer 1 (Fail)
//Storyboard Layer 2 (Pass)
//Storyboard Layer 3 (Foreground)
//Storyboard Layer 4 (Overlay)
//Storyboard Sound Samples

[TimingPoints]
50,327.868852459016,4,1,0,100,1,0


[HitObjects]
256,192,5295,5,0,0:0:0:0:
256,192,5623,1,0,0:0:0:0:
256,192,5951,1,0,0:0:0:0:
256,192,6279,1,0,0:0:0:0:
256,192,6607,1,0,0:0:0:0:
256,192,6935,1,0,0:0:0:0:
256,192,7263,1,0,0:0:0:0:
256,192,7591,1,0,0:0:0:0:
256,192,7918,1,0,0:0:0:0:
256,192,8246,1,0,0:0:0:0:
256,192,8574,1,0,0:0:0:0:
256,192,8902,1,0,0:0:0:0:
256,192,9230,1,0,0:0:0:0:
256,192,9558,1,0,0:0:0:0:
256,192,9886,1,0,0:0:0:0:
256,192,10050,1,0,0:0:0:0:
256,192,10214,1,0,0:0:0:0:
256,192,10541,1,0,0:0:0:0:
256,192,10869,1,0,0:0:0:0:
256,192,11197,1,0,0:0:0:0:
256,192,11525,1,0,0:0:0:0:
256,192,11853,1,0,0:0:0:0:
256,192,12181,1,0,0:0:0:0:
256,192,12509,1,0,0:0:0:0:
256,192,12837,1,0,0:0:0:0:
256,192,13164,1,0,0:0:0:0:
256,192,13492,1,0,0:0:0:0:
256,192,13820,1,0,0:0:0:0:
256,192,14148,1,0,0:0:0:0:
256,192,14640,1,0,0:0:0:0:
256,192,14804,1,0,0:0:0:0:
256,192,14968,1,0,0:0:0:0:
256,192,15131,1,0,0:0:0:0:
256,192,15295,1,0,0:0:0:0:
256,192,15459,1,0,0:0:0:0:
256,192,15623,1,0,0:0:0:0:
256,192,15787,1,0,0:0:0:0:
256,192,16115,1,0,0:0:0:0:
256,192,16443,1,0,0:0:0:0:
256,192,16607,1,0,0:0:0:0:
256,192,16771,1,0,0:0:0:0:
256,192,17099,1,0,0:0:0:0:
256,192,17427,1,0,0:0:0:0:
256,192,17755,1,0,0:0:0:0:
256,192,17919,1,0,0:0:0:0:
256,192,18083,1,0,0:0:0:0:
256,192,18410,1,0,0:0:0:0:
256,192,18738,1,0,0:0:0:0:
256,192,19066,1,0,0:0:0:0:
256,192,19230,1,0,0:0:0:0:
256,192,19394,1,0,0:0:0:0:
256,192,19722,1,0,0:0:0:0:
256,192,19940,1,0,0:0:0:0:
256,192,20213,1,0,0:0:0:0:
256,192,20377,1,0,0:0:0:0:
256,192,20705,1,0,0:0:0:0:
256,192,21033,1,0,0:0:0:0:
256,192,21361,1,0,0:0:0:0:
256,192,21689,1,0,0:0:0:0:
256,192,22017,1,0,0:0:0:0:
256,192,22345,1,0,0:0:0:0:
256,192,22672,1,0,0:0:0:0:
256,192,22836,1,0,0:0:0:0:
256,192,23000,1,0,0:0:0:0:
256,192,23246,1,0,0:0:0:0:
256,192,23492,1,0,0:0:0:0:
256,192,23656,1,0,0:0:0:0:
256,192,23984,1,0,0:0:0:0:
256,192,24312,1,0,0:0:0:0:
256,192,24640,1,0,0:0:0:0:
256,192,24968,1,0,0:0:0:0:
256,192,25186,1,0,0:0:0:0:
256,192,25459,1,0,0:0:0:0:
256,192,25623,1,0,0:0:0:0:
256,192,25951,1,0,0:0:0:0:
256,192,26279,1,0,0:0:0:0:
256,192,26607,1,0,0:0:0:0:
256,192,26935,1,0,0:0:0:0:
256,192,27099,1,0,0:0:0:0:
256,192,27263,1,0,0:0:0:0:
256,192,27591,1,0,0:0:0:0:
256,192,27919,1,0,0:0:0:0:
256,192,28247,1,0,0:0:0:0:
256,192,28411,1,0,0:0:0:0:
256,192,28575,1,0,0:0:0:0:
256,192,28902,1,0,0:0:0:0:
256,192,29230,1,0,0:0:0:0:
256,192,29558,1,0,0:0:0:0:
256,192,29722,1,0,0:0:0:0:
256,192,29886,1,0,0:0:0:0:
256,192,30214,1,0,0:0:0:0:
256,192,30432,1,0,0:0:0:0:
256,192,30705,1,0,0:0:0:0:
256,192,30869,1,0,0:0:0:0:
256,192,31197,1,0,0:0:0:0:
256,192,31525,1,0,0:0:0:0:
256,192,31853,1,0,0:0:0:0:
256,192,32181,1,0,0:0:0:0:
256,192,32509,1,0,0:0:0:0:
256,192,32837,1,0,0:0:0:0:
256,192,33164,1,0,0:0:0:0:
256,192,33328,1,0,0:0:0:0:
256,192,33492,1,0,0:0:0:0:
256,192,33738,1,0,0:0:0:0:
256,192,33984,1,0,0:0:0:0:
256,192,34148,1,0,0:0:0:0:
256,192,34476,1,0,0:0:0:0:
256,192,34804,1,0,0:0:0:0:
256,192,35132,1,0,0:0:0:0:
256,192,35460,1,0,0:0:0:0:
256,192,35678,1,0,0:0:0:0:
256,192,35951,1,0,0:0:0:0:
256,192,36115,1,0,0:0:0:0:
256,192,36443,1,0,0:0:0:0:
256,192,36771,1,0,0:0:0:0:
256,192,37427,1,0,0:0:0:0:
256,192,38082,1,0,0:0:0:0:
256,192,38738,1,0,0:0:0:0:
256,192,39230,1,0,0:0:0:0:
256,192,40050,1,0,0:0:0:0:
256,192,40705,1,0,0:0:0:0:
256,192,41361,1,0,0:0:0:0:
256,192,41689,1,0,0:0:0:0:
256,192,41853,1,0,0:0:0:0:
256,192,42672,1,0,0:0:0:0:
256,192,43328,1,0,0:0:0:0:
256,192,43984,1,0,0:0:0:0:
256,192,44476,1,0,0:0:0:0:
256,192,45295,1,0,0:0:0:0:
256,192,45951,1,0,0:0:0:0:
256,192,46607,1,0,0:0:0:0:
256,192,47263,1,0,0:0:0:0:
256,192,47918,1,0,0:0:0:0:
256,192,48574,1,0,0:0:0:0:
256,192,49230,1,0,0:0:0:0:
256,192,49722,1,0,0:0:0:0:
256,192,50541,1,0,0:0:0:0:
256,192,51197,1,0,0:0:0:0:
256,192,51853,1,0,0:0:0:0:
256,192,52181,1,0,0:0:0:0:
256,192,52345,1,0,0:0:0:0:
256,192,53164,1,0,0:0:0:0:
256,192,53820,1,0,0:0:0:0:
256,192,54476,1,0,0:0:0:0:
256,192,54968,1,0,0:0:0:0:
256,192,55787,1,0,0:0:0:0:
256,192,56443,1,0,0:0:0:0:
256,192,57099,1,0,0:0:0:0:
256,192,57918,1,0,0:0:0:0:
256,192,58082,1,0,0:0:0:0:
256,192,58246,1,0,0:0:0:0:
256,192,58410,1,0,0:0:0:0:
256,192,58574,1,0,0:0:0:0:
256,192,58738,1,0,0:0:0:0:
256,192,58902,1,0,0:0:0:0:
256,192,59230,1,0,0:0:0:0:
256,192,59394,1,0,0:0:0:0:
256,192,59558,1,0,0:0:0:0:
256,192,59722,1,0,0:0:0:0:
256,192,59886,1,0,0:0:0:0:
256,192,60050,1,0,0:0:0:0:
256,192,60214,1,0,0:0:0:0:
256,192,60541,1,0,0:0:0:0:
256,192,60705,1,0,0:0:0:0:
256,192,60869,1,0,0:0:0:0:
256,192,61033,1,0,0:0:0:0:
256,192,61197,1,0,0:0:0:0:
256,192,61361,1,0,0:0:0:0:
256,192,61525,1,0,0:0:0:0:
256,192,61853,1,0,0:0:0:0:
256,192,62017,1,0,0:0:0:0:
256,192,62181,1,0,0:0:0:0:
256,192,62345,1,0,0:0:0:0:
256,192,62509,1,0,0:0:0:0:
256,192,62673,1,0,0:0:0:0:
256,192,62836,1,0,0:0:0:0:
256,192,63164,1,0,0:0:0:0:
256,192,63328,1,0,0:0:0:0:
256,192,63492,1,0,0:0:0:0:
256,192,63656,1,0,0:0:0:0:
256,192,63820,1,0,0:0:0:0:
256,192,63984,1,0,0:0:0:0:
256,192,64148,1,0,0:0:0:0:
256,192,64476,1,0,0:0:0:0:
256,192,64640,1,0,0:0:0:0:
256,192,64804,1,0,0:0:0:0:
256,192,64968,1,0,0:0:0:0:
256,192,65132,1,0,0:0:0:0:
256,192,65296,1,0,0:0:0:0:
256,192,65460,1,0,0:0:0:0:
256,192,65788,1,0,0:0:0:0:
256,192,65952,1,0,0:0:0:0:
256,192,66116,1,0,0:0:0:0:
256,192,66280,1,0,0:0:0:0:
256,192,66444,1,0,0:0:0:0:
256,192,66607,1,0,0:0:0:0:
256,192,66771,1,0,0:0:0:0:
256,192,67099,1,0,0:0:0:0:
256,192,67263,1,0,0:0:0:0:
256,192,67427,1,0,0:0:0:0:
256,192,67591,1,0,0:0:0:0:
256,192,67755,1,0,0:0:0:0:
256,192,67919,1,0,0:0:0:0:
256,192,68083,1,0,0:0:0:0:
256,192,68411,1,0,0:0:0:0:
256,192,68575,1,0,0:0:0:0:
256,192,68739,1,0,0:0:0:0:
256,192,68902,1,0,0:0:0:0:
256,192,69066,1,0,0:0:0:0:
256,192,69230,1,0,0:0:0:0:
256,192,69394,1,0,0:0:0:0:
256,192,69722,1,0,0:0:0:0:
256,192,69886,1,0,0:0:0:0:
256,192,70050,1,0,0:0:0:0:
256,192,70214,1,0,0:0:0:0:
256,192,70377,1,0,0:0:0:0:
256,192,70541,1,0,0:0:0:0:
256,192,70705,1,0,0:0:0:0:
256,192,71033,1,0,0:0:0:0:
256,192,71197,1,0,0:0:0:0:
256,192,71361,1,0,0:0:0:0:
256,192,71525,1,0,0:0:0:0:
256,192,71689,1,0,0:0:0:0:
256,192,71853,1,0,0:0:0:0:
256,192,72017,1,0,0:0:0:0:
256,192,72345,1,0,0:0:0:0:
256,192,72509,1,0,0:0:0:0:
256,192,72672,1,0,0:0:0:0:
256,192,72836,1,0,0:0:0:0:
256,192,73000,1,0,0:0:0:0:
256,192,73164,1,0,0:0:0:0:
256,192,73328,1,0,0:0:0:0:
256,192,73656,1,0,0:0:0:0:
256,192,73820,1,0,0:0:0:0:
256,192,73984,1,0,0:0:0:0:
256,192,74148,1,0,0:0:0:0:
256,192,74312,1,0,0:0:0:0:
256,192,74476,1,0,0:0:0:0:
256,192,74640,1,0,0:0:0:0:
256,192,74967,1,0,0:0:0:0:
256,192,75131,1,0,0:0:0:0:
256,192,75295,1,0,0:0:0:0:
256,192,75459,1,0,0:0:0:0:
256,192,75623,1,0,0:0:0:0:
256,192,75787,1,0,0:0:0:0:
256,192,75951,1,0,0:0:0:0:
256,192,76279,1,0,0:0:0:0:
256,192,76443,1,0,0:0:0:0:
256,192,76607,1,0,0:0:0:0:
256,192,76771,1,0,0:0:0:0:
256,192,76935,1,0,0:0:0:0:
256,192,77099,1,0,0:0:0:0:
256,192,77263,1,0,0:0:0:0:
256,192,77427,1,0,0:0:0:0:
256,192,77591,1,0,0:0:0:0:
256,192,77755,1,0,0:0:0:0:
256,192,77919,1,0,0:0:0:0:
256,192,78083,1,0,0:0:0:0:
256,192,78247,1,0,0:0:0:0:
256,192,78411,1,0,0:0:0:0:
256,192,78575,1,0,0:0:0:0:
256,192,78738,1,0,0:0:0:0:
256,192,78902,1,0,0:0:0:0:
256,192,79066,1,0,0:0:0:0:
256,192,79230,1,0,0:0:0:0:
256,192,79394,1,0,0:0:0:0:
256,192,79558,1,0,0:0:0:0:
64,128,79722,2,0,L|224:128,1,140
256,192,80377,1,0,0:0:0:0:
256,192,80705,1,0,0:0:0:0:
256,192,80869,1,0,0:0:0:0:
256,192,81033,1,0,0:0:0:0:
256,192,81361,1,0,0:0:0:0:
256,192,81689,1,0,0:0:0:0:
256,192,82017,1,0,0:0:0:0:
256,192,82181,1,0,0:0:0:0:
256,192,82345,1,0,0:0:0:0:
256,192,82672,1,0,0:0:0:0:
256,192,83000,1,0,0:0:0:0:
256,192,83328,1,0,0:0:0:0:
256,192,83492,1,0,0:0:0:0:
256,192,83656,1,0,0:0:0:0:
256,192,83984,1,0,0:0:0:0:
256,192,84202,1,0,0:0:0:0:
256,192,84475,1,0,0:0:0:0:
256,192,84639,1,0,0:0:0:0:
256,192,84967,1,0,0:0:0:0:
256,192,85295,1,0,0:0:0:0:
256,192,85623,1,0,0:0:0:0:
256,192,85951,1,0,0:0:0:0:
256,192,86279,1,0,0:0:0:0:
256,192,86607,1,0,0:0:0:0:
256,192,86934,1,0,0:0:0:0:
256,192,87098,1,0,0:0:0:0:
256,192,87262,1,0,0:0:0:0:
256,192,87508,1,0,0:0:0:0:
256,192,87754,1,0,0:0:0:0:
256,192,87918,1,0,0:0:0:0:
256,192,88246,1,0,0:0:0:0:
256,192,88574,1,0,0:0:0:0:
256,192,88902,1,0,0:0:0:0:
256,192,89230,1,0,0:0:0:0:
256,192,89448,1,0,0:0:0:0:
256,192,89721,1,0,0:0:0:0:
256,192,89885,1,0,0:0:0:0:
256,192,90213,1,0,0:0:0:0:
256,192,90541,1,0,0:0:0:0:
256,192,90869,1,0,0:0:0:0:
256,192,91197,1,0,0:0:0:0:
256,192,91361,1,0,0:0:0:0:
256,192,91525,1,0,0:0:0:0:
256,192,91853,1,0,0:0:0:0:
256,192,92181,1,0,0:0:0:0:
256,192,92509,1,0,0:0:0:0:
256,192,92673,1,0,0:0:0:0:
256,192,92837,1,0,0:0:0:0:
256,192,93164,1,0,0:0:0:0:
256,192,93492,1,0,0:0:0:0:
256,192,93820,1,0,0:0:0:0:
256,192,93984,1,0,0:0:0:0:
256,192,94148,1,0,0:0:0:0:
256,192,94476,1,0,0:0:0:0:
256,192,94694,1,0,0:0:0:0:
256,192,94967,1,0,0:0:0:0:
256,192,95131,1,0,0:0:0:0:
256,192,95459,1,0,0:0:0:0:
256,192,95787,1,0,0:0:0:0:
256,192,96115,1,0,0:0:0:0:
256,192,96443,1,0,0:0:0:0:
256,192,96771,1,0,0:0:0:0:
256,192,97099,1,0,0:0:0:0:
256,192,97426,1,0,0:0:0:0:
256,192,97590,1,0,0:0:0:0:
256,192,97754,1,0,0:0:0:0:
256,192,98000,1,0,0:0:0:0:
256,192,98246,1,0,0:0:0:0:
256,192,98410,1,0,0:0:0:0:
256,192,98738,1,0,0:0:0:0:
256,192,99066,1,0,0:0:0:0:
256,192,99394,1,0,0:0:0:0:
256,192,99722,1,0,0:0:0:0:
256,192,99940,1,0,0:0:0:0:
256,192,100213,1,0,0:0:0:0:
256,192,100377,1,0,0:0:0:0:
256,192,100705,1,0,0:0:0:0:
256,192,101033,1,0,0:0:0:0:
256,192,111525,5,0,0:0:0:0:
256,192,111853,1,0,0:0:0:0:
256,192,112181,1,0,0:0:0:0:
256,192,112672,1,0,0:0:0:0:
256,192,113000,1,0,0:0:0:0:
256,192,113328,1,0,0:0:0:0:
256,192,113492,1,0,0:0:0:0:
256,192,114148,5,0,0:0:0:0:
256,192,114476,1,0,0:0:0:0:
256,192,114804,1,0,0:0:0:0:
256,192,115295,1,0,0:0:0:0:
256,192,115623,1,0,0:0:0:0:
256,192,115951,1,0,0:0:0:0:
256,192,116115,1,0,0:0:0:0:
256,192,116771,5,0,0:0:0:0:
256,192,117099,1,0,0:0:0:0:
256,192,117427,1,0,0:0:0:0:
256,192,117918,1,0,0:0:0:0:
256,192,118246,1,0,0:0:0:0:
256,192,118574,1,0,0:0:0:0:
256,192,118738,1,0,0:0:0:0:
256,192,119394,5,0,0:0:0:0:
256,192,119722,1,0,0:0:0:0:
256,192,120050,1,0,0:0:0:0:
256,192,120541,1,0,0:0:0:0:
256,192,120869,1,0,0:0:0:0:
256,192,121197,1,0,0:0:0:0:
256,192,121361,1,0,0:0:0:0:
256,192,122017,5,0,0:0:0:0:
256,192,122345,1,0,0:0:0:0:
256,192,122673,1,0,0:0:0:0:
256,192,123164,1,0,0:0:0:0:
256,192,123492,1,0,0:0:0:0:
256,192,123820,1,0,0:0:0:0:
256,192,123984,1,0,0:0:0:0:
256,192,124640,5,0,0:0:0:0:
256,192,124968,1,0,0:0:0:0:
256,192,125296,1,0,0:0:0:0:
256,192,125787,1,0,0:0:0:0:
256,192,126115,1,0,0:0:0:0:
256,192,126443,1,0,0:0:0:0:
256,192,126607,1,0,0:0:0:0:
256,192,127263,5,0,0:0:0:0:
256,192,127591,1,0,0:0:0:0:
256,192,127919,1,0,0:0:0:0:
256,192,128410,1,0,0:0:0:0:
256,192,128738,1,0,0:0:0:0:
256,192,129066,1,0,0:0:0:0:
256,192,129230,1,0,0:0:0:0:
256,192,129886,5,0,0:0:0:0:
256,192,130214,1,0,0:0:0:0:
256,192,130542,1,0,0:0:0:0:
256,192,131033,1,0,0:0:0:0:
256,192,131361,1,0,0:0:0:0:
256,192,131689,1,0,0:0:0:0:
256,192,131853,1,0,0:0:0:0:
256,192,132181,1,0,0:0:0:0:
256,192,132509,1,0,0:0:0:0:
256,192,132836,1,0,0:0:0:0:
256,192,133164,1,0,0:0:0:0:
256,192,133492,1,0,0:0:0:0:
256,192,133820,1,0,0:0:0:0:
256,192,134147,1,0,0:0:0:0:
256,192,134475,1,0,0:0:0:0:
256,192,134804,1,0,0:0:0:0:
256,192,135132,1,0,0:0:0:0:
256,192,135459,1,0,0:0:0:0:
256,192,135787,1,0,0:0:0:0:
256,192,136115,1,0,0:0:0:0:
256,192,136443,1,0,0:0:0:0:
256,192,136770,1,0,0:0:0:0:
256,192,137099,1,0,0:0:0:0:
256,192,137263,1,0,0:0:0:0:
256,192,137427,1,0,0:0:0:0:
256,192,137754,1,0,0:0:0:0:
256,192,137918,1,0,0:0:0:0:
256,192,138410,1,0,0:0:0:0:
256,192,139066,1,0,0:0:0:0:
256,192,139230,1,0,0:0:0:0:
256,192,139722,1,0,0:0:0:0:
256,192,140377,1,0,0:0:0:0:
256,192,140541,1,0,0:0:0:0:
256,192,141033,1,0,0:0:0:0:
256,192,141361,1,0,0:0:0:0:
256,192,141525,1,0,0:0:0:0:
256,192,141689,1,0,0:0:0:0:
256,192,141935,1,0,0:0:0:0:
256,192,142181,1,0,0:0:0:0:
256,192,142345,1,0,0:0:0:0:
256,192,143328,1,0,0:0:0:0:
256,192,143656,1,0,0:0:0:0:
256,192,143984,1,0,0:0:0:0:
256,192,144312,1,0,0:0:0:0:
256,192,144640,1,0,0:0:0:0:
256,192,144804,1,0,0:0:0:0:
256,192,144968,1,0,0:0:0:0:
256,192,145131,1,0,0:0:0:0:
256,192,145459,1,0,0:0:0:0:
256,192,145787,1,0,0:0:0:0:
256,192,145951,1,0,0:0:0:0:
256,192,146279,1,0,0:0:0:0:
256,192,146607,1,0,0:0:0:0:
256,192,146771,1,0,0:0:0:0:
256,192,146935,1,0,0:0:0:0:
256,192,147263,1,0,0:0:0:0:
256,192,147590,1,0,0:0:0:0:
256,192,147754,1,0,0:0:0:0:
256,192,147918,1,0,0:0:0:0:
256,192,148082,1,0,0:0:0:0:
256,192,148246,1,0,0:0:0:0:
256,192,148410,1,0,0:0:0:0:
256,192,148738,1,0,0:0:0:0:
256,192,149066,1,0,0:0:0:0:
256,192,149394,1,0,0:0:0:0:
256,192,149722,1,0,0:0:0:0:
256,192,150050,1,0,0:0:0:0:
256,192,150377,1,0,0:0:0:0:
256,192,150705,1,0,0:0:0:0:
256,192,151033,1,0,0:0:0:0:
256,192,151361,1,0,0:0:0:0:
256,192,151689,1,0,0:0:0:0:
256,192,152017,1,0,0:0:0:0:
256,192,152345,1,0,0:0:0:0:
256,192,152672,1,0,0:0:0:0:
256,192,153000,1,0,0:0:0:0:
256,192,153328,1,0,0:0:0:0:
256,192,153656,1,0,0:0:0:0:
256,192,153984,1,0,0:0:0:0:
256,192,154312,1,0,0:0:0:0:
256,192,154476,1,0,0:0:0:0:
256,192,154640,1,0,0:0:0:0:
256,192,154804,1,0,0:0:0:0:
256,192,154968,1,0,0:0:0:0:
256,192,155131,1,0,0:0:0:0:
256,192,155459,1,0,0:0:0:0:
256,192,155787,1,0,0:0:0:0:
256,192,155951,1,0,0:0:0:0:
256,192,156279,1,0,0:0:0:0:
256,192,156607,1,0,0:0:0:0:
256,192,156935,1,0,0:0:0:0:
256,192,157263,1,0,0:0:0:0:
256,192,157427,1,0,0:0:0:0:
256,192,157754,1,0,0:0:0:0:
256,192,157918,1,0,0:0:0:0:
256,192,158082,1,0,0:0:0:0:
256,192,158738,1,0,0:0:0:0:
256,192,159066,1,0,0:0:0:0:
256,192,159394,1,0,0:0:0:0:
256,192,159558,1,0,0:0:0:0:
256,192,159722,1,0,0:0:0:0:
256,192,160050,1,0,0:0:0:0:
256,192,160378,1,0,0:0:0:0:
256,192,160706,1,0,0:0:0:0:
256,192,160870,1,0,0:0:0:0:
256,192,161034,1,0,0:0:0:0:
256,192,161361,1,0,0:0:0:0:
256,192,161689,1,0,0:0:0:0:
256,192,162017,1,0,0:0:0:0:
256,192,162181,1,0,0:0:0:0:
256,192,162345,1,0,0:0:0:0:
256,192,162673,1,0,0:0:0:0:
256,192,162891,1,0,0:0:0:0:
256,192,163164,1,0,0:0:0:0:
256,192,163328,1,0,0:0:0:0:
256,192,163656,1,0,0:0:0:0:
256,192,163984,1,0,0:0:0:0:
256,192,164312,1,0,0:0:0:0:
256,192,164640,1,0,0:0:0:0:
256,192,164968,1,0,0:0:0:0:
256,192,165296,1,0,0:0:0:0:
256,192,165623,1,0,0:0:0:0:
256,192,165787,1,0,0:0:0:0:
256,192,165951,1,0,0:0:0:0:
256,192,166197,1,0,0:0:0:0:
256,192,166443,1,0,0:0:0:0:
256,192,166607,1,0,0:0:0:0:
256,192,166935,1,0,0:0:0:0:
256,192,167263,1,0,0:0:0:0:
256,192,167591,1,0,0:0:0:0:
256,192,167919,1,0,0:0:0:0:
256,192,168137,1,0,0:0:0:0:
256,192,168410,1,0,0:0:0:0:
256,192,168574,1,0,0:0:0:0:
256,192,168902,1,0,0:0:0:0:
256,192,169230,1,0,0:0:0:0:
256,192,169558,1,0,0:0:0:0:
256,192,169886,1,0,0:0:0:0:
256,192,170050,1,0,0:0:0:0:
256,192,170214,1,0,0:0:0:0:
256,192,170542,1,0,0:0:0:0:
256,192,170870,1,0,0:0:0:0:
256,192,171198,1,0,0:0:0:0:
256,192,171362,1,0,0:0:0:0:
256,192,171526,1,0,0:0:0:0:
256,192,171853,1,0,0:0:0:0:
256,192,172181,1,0,0:0:0:0:
256,192,172509,1,0,0:0:0:0:
256,192,172673,1,0,0:0:0:0:
256,192,172837,1,0,0:0:0:0:
256,192,173165,1,0,0:0:0:0:
256,192,173383,1,0,0:0:0:0:
256,192,173656,1,0,0:0:0:0:
256,192,173820,1,0,0:0:0:0:
256,192,174148,1,0,0:0:0:0:
256,192,174476,1,0,0:0:0:0:
256,192,174804,1,0,0:0:0:0:
256,192,175132,1,0,0:0:0:0:
256,192,175460,1,0,0:0:0:0:
256,192,175788,1,0,0:0:0:0:
256,192,176115,1,0,0:0:0:0:
256,192,176279,1,0,0:0:0:0:
256,192,176443,1,0,0:0:0:0:
256,192,176689,1,0,0:0:0:0:
256,192,176935,1,0,0:0:0:0:
256,192,177099,1,0,0:0:0:0:
256,192,177427,1,0,0:0:0:0:
256,192,177755,1,0,0:0:0:0:
256,192,178083,1,0,0:0:0:0:
256,192,178411,1,0,0:0:0:0:
256,192,178629,1,0,0:0:0:0:
256,192,178902,1,0,0:0:0:0:
256,192,179066,1,0,0:0:0:0:
256,192,179394,2,0,L|384:192,1,105
256,192,179722,1,0,0:0:0:0:
